(kicad_pcb (version 20171130) (host pcbnew "(5.1.8)-1")

  (general
    (thickness 1.6)
    (drawings 0)
    (tracks 0)
    (zones 0)
    (modules 105)
    (nets 103)
  )

  (page A4)
  (layers
    (0 F.Cu signal)
    (31 B.Cu signal)
    (32 B.Adhes user)
    (33 F.Adhes user)
    (34 B.Paste user)
    (35 F.Paste user)
    (36 B.SilkS user)
    (37 F.SilkS user)
    (38 B.Mask user)
    (39 F.Mask user)
    (40 Dwgs.User user)
    (41 Cmts.User user)
    (42 Eco1.User user)
    (43 Eco2.User user)
    (44 Edge.Cuts user)
    (45 Margin user)
    (46 B.CrtYd user)
    (47 F.CrtYd user)
    (48 B.Fab user)
    (49 F.Fab user)
  )

  (setup
    (last_trace_width 0.25)
    (trace_clearance 0.2)
    (zone_clearance 0.508)
    (zone_45_only no)
    (trace_min 0.2)
    (via_size 0.8)
    (via_drill 0.4)
    (via_min_size 0.4)
    (via_min_drill 0.3)
    (uvia_size 0.3)
    (uvia_drill 0.1)
    (uvias_allowed no)
    (uvia_min_size 0.2)
    (uvia_min_drill 0.1)
    (edge_width 0.05)
    (segment_width 0.2)
    (pcb_text_width 0.3)
    (pcb_text_size 1.5 1.5)
    (mod_edge_width 0.12)
    (mod_text_size 1 1)
    (mod_text_width 0.15)
    (pad_size 1.524 1.524)
    (pad_drill 0.762)
    (pad_to_mask_clearance 0)
    (aux_axis_origin 0 0)
    (visible_elements FFFFFF7F)
    (pcbplotparams
      (layerselection 0x010fc_ffffffff)
      (usegerberextensions false)
      (usegerberattributes true)
      (usegerberadvancedattributes true)
      (creategerberjobfile true)
      (excludeedgelayer true)
      (linewidth 0.100000)
      (plotframeref false)
      (viasonmask false)
      (mode 1)
      (useauxorigin false)
      (hpglpennumber 1)
      (hpglpenspeed 20)
      (hpglpendiameter 15.000000)
      (psnegative false)
      (psa4output false)
      (plotreference true)
      (plotvalue true)
      (plotinvisibletext false)
      (padsonsilk false)
      (subtractmaskfromsilk false)
      (outputformat 1)
      (mirror false)
      (drillshape 1)
      (scaleselection 1)
      (outputdirectory ""))
  )

  (net 0 "")
  (net 1 "Net-(C1-Pad2)")
  (net 2 VBUS)
  (net 3 GND)
  (net 4 +5V0_USB)
  (net 5 +3V3)
  (net 6 "Net-(C43-Pad1)")
  (net 7 "/Switch Matrix/COL[0]")
  (net 8 "Net-(D1-Pad2)")
  (net 9 "Net-(D2-Pad2)")
  (net 10 "Net-(D3-Pad2)")
  (net 11 "Net-(D4-Pad2)")
  (net 12 "Net-(D5-Pad2)")
  (net 13 "/Switch Matrix/COL[1]")
  (net 14 "Net-(D6-Pad2)")
  (net 15 "Net-(D7-Pad2)")
  (net 16 "Net-(D8-Pad2)")
  (net 17 "Net-(D9-Pad2)")
  (net 18 "Net-(D10-Pad2)")
  (net 19 "Net-(D11-Pad2)")
  (net 20 "Net-(D12-Pad2)")
  (net 21 "/Switch Matrix/COL[2]")
  (net 22 "Net-(D13-Pad2)")
  (net 23 "Net-(D14-Pad2)")
  (net 24 "Net-(D15-Pad2)")
  (net 25 "Net-(D16-Pad2)")
  (net 26 "Net-(D17-Pad2)")
  (net 27 "/Switch Matrix/COL[3]")
  (net 28 "Net-(D18-Pad2)")
  (net 29 "Net-(D19-Pad2)")
  (net 30 "Net-(D20-Pad2)")
  (net 31 "Net-(D21-Pad2)")
  (net 32 "Net-(D22-Pad2)")
  (net 33 "Net-(D23-Pad2)")
  (net 34 "Net-(D24-Pad2)")
  (net 35 "/Switch Matrix/COL[4]")
  (net 36 "Net-(D25-Pad2)")
  (net 37 "Net-(D26-Pad2)")
  (net 38 "Net-(D27-Pad2)")
  (net 39 "Net-(D28-Pad2)")
  (net 40 "Net-(D29-Pad2)")
  (net 41 "/Switch Matrix/COL[5]")
  (net 42 "Net-(D30-Pad2)")
  (net 43 "Net-(D31-Pad2)")
  (net 44 "Net-(D120-Pad2)")
  (net 45 "Net-(D121-Pad2)")
  (net 46 "Net-(D122-Pad2)")
  (net 47 "Net-(D123-Pad2)")
  (net 48 "/Switch Matrix/COL[6]")
  (net 49 "Net-(D124-Pad2)")
  (net 50 "Net-(D125-Pad2)")
  (net 51 "Net-(D126-Pad2)")
  (net 52 "Net-(D194-Pad1)")
  (net 53 "Net-(J1-PadA5)")
  (net 54 /USB_UPSTREAM/CD+)
  (net 55 /USB_UPSTREAM/CD-)
  (net 56 "Net-(J1-PadA8)")
  (net 57 "Net-(J1-PadB8)")
  (net 58 "Net-(J1-PadB5)")
  (net 59 MISO)
  (net 60 SCK)
  (net 61 MOSI)
  (net 62 RST)
  (net 63 /USB_UPSTREAM/D-)
  (net 64 /USB_UPSTREAM/D+)
  (net 65 nCAPS)
  (net 66 /USB_UPSTREAM/USB_UPSTREAM_OUT-)
  (net 67 /USB_UPSTREAM/USB_UPSTREAM_OUT+)
  (net 68 "Net-(R23-Pad1)")
  (net 69 "/Switch Matrix/ROW[0]")
  (net 70 "/Switch Matrix/ROW[1]")
  (net 71 "/Switch Matrix/ROW[2]")
  (net 72 "/Switch Matrix/ROW[3]")
  (net 73 "/Switch Matrix/ROW[4]")
  (net 74 "Net-(U1-Pad1)")
  (net 75 "Net-(U1-Pad6)")
  (net 76 "Net-(U6-Pad1)")
  (net 77 /uController/USB_IN-)
  (net 78 /uController/USB_IN+)
  (net 79 +5V)
  (net 80 "Net-(U6-Pad8)")
  (net 81 "Net-(U6-Pad12)")
  (net 82 "Net-(U6-Pad16)")
  (net 83 "Net-(U6-Pad17)")
  (net 84 /uController/SCL)
  (net 85 /uController/SDA)
  (net 86 "Net-(U6-Pad20)")
  (net 87 "Net-(U6-Pad21)")
  (net 88 "Net-(U6-Pad22)")
  (net 89 "Net-(U6-Pad25)")
  (net 90 "Net-(U6-Pad26)")
  (net 91 "Net-(U6-Pad27)")
  (net 92 "Net-(U6-Pad28)")
  (net 93 "Net-(U6-Pad29)")
  (net 94 /uController/RGB_DOUT)
  (net 95 "Net-(U6-Pad31)")
  (net 96 "Net-(U6-Pad32)")
  (net 97 "Net-(U6-Pad36)")
  (net 98 "Net-(U6-Pad37)")
  (net 99 "Net-(U6-Pad38)")
  (net 100 "Net-(U6-Pad39)")
  (net 101 "Net-(U6-Pad40)")
  (net 102 "Net-(U6-Pad41)")

  (net_class Default "This is the default net class."
    (clearance 0.2)
    (trace_width 0.25)
    (via_dia 0.8)
    (via_drill 0.4)
    (uvia_dia 0.3)
    (uvia_drill 0.1)
    (add_net +3V3)
    (add_net +5V)
    (add_net +5V0_USB)
    (add_net "/Switch Matrix/COL[0]")
    (add_net "/Switch Matrix/COL[1]")
    (add_net "/Switch Matrix/COL[2]")
    (add_net "/Switch Matrix/COL[3]")
    (add_net "/Switch Matrix/COL[4]")
    (add_net "/Switch Matrix/COL[5]")
    (add_net "/Switch Matrix/COL[6]")
    (add_net "/Switch Matrix/ROW[0]")
    (add_net "/Switch Matrix/ROW[1]")
    (add_net "/Switch Matrix/ROW[2]")
    (add_net "/Switch Matrix/ROW[3]")
    (add_net "/Switch Matrix/ROW[4]")
    (add_net /USB_UPSTREAM/CD+)
    (add_net /USB_UPSTREAM/CD-)
    (add_net /USB_UPSTREAM/D+)
    (add_net /USB_UPSTREAM/D-)
    (add_net /USB_UPSTREAM/USB_UPSTREAM_OUT+)
    (add_net /USB_UPSTREAM/USB_UPSTREAM_OUT-)
    (add_net /uController/RGB_DOUT)
    (add_net /uController/SCL)
    (add_net /uController/SDA)
    (add_net /uController/USB_IN+)
    (add_net /uController/USB_IN-)
    (add_net GND)
    (add_net MISO)
    (add_net MOSI)
    (add_net "Net-(C1-Pad2)")
    (add_net "Net-(C43-Pad1)")
    (add_net "Net-(D1-Pad2)")
    (add_net "Net-(D10-Pad2)")
    (add_net "Net-(D11-Pad2)")
    (add_net "Net-(D12-Pad2)")
    (add_net "Net-(D120-Pad2)")
    (add_net "Net-(D121-Pad2)")
    (add_net "Net-(D122-Pad2)")
    (add_net "Net-(D123-Pad2)")
    (add_net "Net-(D124-Pad2)")
    (add_net "Net-(D125-Pad2)")
    (add_net "Net-(D126-Pad2)")
    (add_net "Net-(D13-Pad2)")
    (add_net "Net-(D14-Pad2)")
    (add_net "Net-(D15-Pad2)")
    (add_net "Net-(D16-Pad2)")
    (add_net "Net-(D17-Pad2)")
    (add_net "Net-(D18-Pad2)")
    (add_net "Net-(D19-Pad2)")
    (add_net "Net-(D194-Pad1)")
    (add_net "Net-(D2-Pad2)")
    (add_net "Net-(D20-Pad2)")
    (add_net "Net-(D21-Pad2)")
    (add_net "Net-(D22-Pad2)")
    (add_net "Net-(D23-Pad2)")
    (add_net "Net-(D24-Pad2)")
    (add_net "Net-(D25-Pad2)")
    (add_net "Net-(D26-Pad2)")
    (add_net "Net-(D27-Pad2)")
    (add_net "Net-(D28-Pad2)")
    (add_net "Net-(D29-Pad2)")
    (add_net "Net-(D3-Pad2)")
    (add_net "Net-(D30-Pad2)")
    (add_net "Net-(D31-Pad2)")
    (add_net "Net-(D4-Pad2)")
    (add_net "Net-(D5-Pad2)")
    (add_net "Net-(D6-Pad2)")
    (add_net "Net-(D7-Pad2)")
    (add_net "Net-(D8-Pad2)")
    (add_net "Net-(D9-Pad2)")
    (add_net "Net-(J1-PadA5)")
    (add_net "Net-(J1-PadA8)")
    (add_net "Net-(J1-PadB5)")
    (add_net "Net-(J1-PadB8)")
    (add_net "Net-(R23-Pad1)")
    (add_net "Net-(U1-Pad1)")
    (add_net "Net-(U1-Pad6)")
    (add_net "Net-(U6-Pad1)")
    (add_net "Net-(U6-Pad12)")
    (add_net "Net-(U6-Pad16)")
    (add_net "Net-(U6-Pad17)")
    (add_net "Net-(U6-Pad20)")
    (add_net "Net-(U6-Pad21)")
    (add_net "Net-(U6-Pad22)")
    (add_net "Net-(U6-Pad25)")
    (add_net "Net-(U6-Pad26)")
    (add_net "Net-(U6-Pad27)")
    (add_net "Net-(U6-Pad28)")
    (add_net "Net-(U6-Pad29)")
    (add_net "Net-(U6-Pad31)")
    (add_net "Net-(U6-Pad32)")
    (add_net "Net-(U6-Pad36)")
    (add_net "Net-(U6-Pad37)")
    (add_net "Net-(U6-Pad38)")
    (add_net "Net-(U6-Pad39)")
    (add_net "Net-(U6-Pad40)")
    (add_net "Net-(U6-Pad41)")
    (add_net "Net-(U6-Pad8)")
    (add_net RST)
    (add_net SCK)
    (add_net VBUS)
    (add_net nCAPS)
  )

  (module Capacitor_smd:C_0603_1608Metric (layer F.Cu) (tedit 5F68FEEE) (tstamp 6299C498)
    (at 643.915001 3.045001)
    (descr "Capacitor SMD 0603 (1608 Metric), square (rectangular) end terminal, IPC_7351 nominal, (Body size source: IPC-SM-782 page 76, https://www.pcb-3d.com/wordpress/wp-content/uploads/ipc-sm-782a_amendment_1_and_2.pdf), generated with kicad-footprint-generator")
    (tags capacitor)
    (path /629982B4/60E2AA82)
    (attr smd)
    (fp_text reference C1 (at 0 -1.43) (layer F.SilkS)
      (effects (font (size 1 1) (thickness 0.15)))
    )
    (fp_text value 10uF (at 0 1.43) (layer F.Fab)
      (effects (font (size 1 1) (thickness 0.15)))
    )
    (fp_text user %R (at 0 0) (layer F.Fab)
      (effects (font (size 0.4 0.4) (thickness 0.06)))
    )
    (fp_line (start -0.8 0.4) (end -0.8 -0.4) (layer F.Fab) (width 0.1))
    (fp_line (start -0.8 -0.4) (end 0.8 -0.4) (layer F.Fab) (width 0.1))
    (fp_line (start 0.8 -0.4) (end 0.8 0.4) (layer F.Fab) (width 0.1))
    (fp_line (start 0.8 0.4) (end -0.8 0.4) (layer F.Fab) (width 0.1))
    (fp_line (start -0.14058 -0.51) (end 0.14058 -0.51) (layer F.SilkS) (width 0.12))
    (fp_line (start -0.14058 0.51) (end 0.14058 0.51) (layer F.SilkS) (width 0.12))
    (fp_line (start -1.48 0.73) (end -1.48 -0.73) (layer F.CrtYd) (width 0.05))
    (fp_line (start -1.48 -0.73) (end 1.48 -0.73) (layer F.CrtYd) (width 0.05))
    (fp_line (start 1.48 -0.73) (end 1.48 0.73) (layer F.CrtYd) (width 0.05))
    (fp_line (start 1.48 0.73) (end -1.48 0.73) (layer F.CrtYd) (width 0.05))
    (pad 2 smd roundrect (at 0.775 0) (size 0.9 0.95) (layers F.Cu F.Paste F.Mask) (roundrect_rratio 0.25)
      (net 1 "Net-(C1-Pad2)"))
    (pad 1 smd roundrect (at -0.775 0) (size 0.9 0.95) (layers F.Cu F.Paste F.Mask) (roundrect_rratio 0.25)
      (net 2 VBUS))
    (model ${KISYS3DMOD}/Capacitor_SMD.3dshapes/C_0603_1608Metric.wrl
      (at (xyz 0 0 0))
      (scale (xyz 1 1 1))
      (rotate (xyz 0 0 0))
    )
  )

  (module Capacitor_smd:C_0603_1608Metric (layer F.Cu) (tedit 5F68FEEE) (tstamp 6299C4A9)
    (at 623.755001 11.515001)
    (descr "Capacitor SMD 0603 (1608 Metric), square (rectangular) end terminal, IPC_7351 nominal, (Body size source: IPC-SM-782 page 76, https://www.pcb-3d.com/wordpress/wp-content/uploads/ipc-sm-782a_amendment_1_and_2.pdf), generated with kicad-footprint-generator")
    (tags capacitor)
    (path /629982B4/60E2AA7C)
    (attr smd)
    (fp_text reference C2 (at 0 -1.43) (layer F.SilkS)
      (effects (font (size 1 1) (thickness 0.15)))
    )
    (fp_text value 1uF (at 0 1.43) (layer F.Fab)
      (effects (font (size 1 1) (thickness 0.15)))
    )
    (fp_line (start 1.48 0.73) (end -1.48 0.73) (layer F.CrtYd) (width 0.05))
    (fp_line (start 1.48 -0.73) (end 1.48 0.73) (layer F.CrtYd) (width 0.05))
    (fp_line (start -1.48 -0.73) (end 1.48 -0.73) (layer F.CrtYd) (width 0.05))
    (fp_line (start -1.48 0.73) (end -1.48 -0.73) (layer F.CrtYd) (width 0.05))
    (fp_line (start -0.14058 0.51) (end 0.14058 0.51) (layer F.SilkS) (width 0.12))
    (fp_line (start -0.14058 -0.51) (end 0.14058 -0.51) (layer F.SilkS) (width 0.12))
    (fp_line (start 0.8 0.4) (end -0.8 0.4) (layer F.Fab) (width 0.1))
    (fp_line (start 0.8 -0.4) (end 0.8 0.4) (layer F.Fab) (width 0.1))
    (fp_line (start -0.8 -0.4) (end 0.8 -0.4) (layer F.Fab) (width 0.1))
    (fp_line (start -0.8 0.4) (end -0.8 -0.4) (layer F.Fab) (width 0.1))
    (fp_text user %R (at 0 0) (layer F.Fab)
      (effects (font (size 0.4 0.4) (thickness 0.06)))
    )
    (pad 1 smd roundrect (at -0.775 0) (size 0.9 0.95) (layers F.Cu F.Paste F.Mask) (roundrect_rratio 0.25)
      (net 2 VBUS))
    (pad 2 smd roundrect (at 0.775 0) (size 0.9 0.95) (layers F.Cu F.Paste F.Mask) (roundrect_rratio 0.25)
      (net 1 "Net-(C1-Pad2)"))
    (model ${KISYS3DMOD}/Capacitor_SMD.3dshapes/C_0603_1608Metric.wrl
      (at (xyz 0 0 0))
      (scale (xyz 1 1 1))
      (rotate (xyz 0 0 0))
    )
  )

  (module Capacitor_smd:C_0603_1608Metric (layer F.Cu) (tedit 5F68FEEE) (tstamp 6299C4BA)
    (at 639.905001 9.965001)
    (descr "Capacitor SMD 0603 (1608 Metric), square (rectangular) end terminal, IPC_7351 nominal, (Body size source: IPC-SM-782 page 76, https://www.pcb-3d.com/wordpress/wp-content/uploads/ipc-sm-782a_amendment_1_and_2.pdf), generated with kicad-footprint-generator")
    (tags capacitor)
    (path /629982B4/60E2AA5A)
    (attr smd)
    (fp_text reference C3 (at 0 -1.43) (layer F.SilkS)
      (effects (font (size 1 1) (thickness 0.15)))
    )
    (fp_text value 100nF (at 0 1.43) (layer F.Fab)
      (effects (font (size 1 1) (thickness 0.15)))
    )
    (fp_text user %R (at 0 0) (layer F.Fab)
      (effects (font (size 0.4 0.4) (thickness 0.06)))
    )
    (fp_line (start -0.8 0.4) (end -0.8 -0.4) (layer F.Fab) (width 0.1))
    (fp_line (start -0.8 -0.4) (end 0.8 -0.4) (layer F.Fab) (width 0.1))
    (fp_line (start 0.8 -0.4) (end 0.8 0.4) (layer F.Fab) (width 0.1))
    (fp_line (start 0.8 0.4) (end -0.8 0.4) (layer F.Fab) (width 0.1))
    (fp_line (start -0.14058 -0.51) (end 0.14058 -0.51) (layer F.SilkS) (width 0.12))
    (fp_line (start -0.14058 0.51) (end 0.14058 0.51) (layer F.SilkS) (width 0.12))
    (fp_line (start -1.48 0.73) (end -1.48 -0.73) (layer F.CrtYd) (width 0.05))
    (fp_line (start -1.48 -0.73) (end 1.48 -0.73) (layer F.CrtYd) (width 0.05))
    (fp_line (start 1.48 -0.73) (end 1.48 0.73) (layer F.CrtYd) (width 0.05))
    (fp_line (start 1.48 0.73) (end -1.48 0.73) (layer F.CrtYd) (width 0.05))
    (pad 2 smd roundrect (at 0.775 0) (size 0.9 0.95) (layers F.Cu F.Paste F.Mask) (roundrect_rratio 0.25)
      (net 3 GND))
    (pad 1 smd roundrect (at -0.775 0) (size 0.9 0.95) (layers F.Cu F.Paste F.Mask) (roundrect_rratio 0.25)
      (net 4 +5V0_USB))
    (model ${KISYS3DMOD}/Capacitor_SMD.3dshapes/C_0603_1608Metric.wrl
      (at (xyz 0 0 0))
      (scale (xyz 1 1 1))
      (rotate (xyz 0 0 0))
    )
  )

  (module Capacitor_smd:C_0603_1608Metric (layer F.Cu) (tedit 5F68FEEE) (tstamp 6299C4CB)
    (at 441.795001 127.295001)
    (descr "Capacitor SMD 0603 (1608 Metric), square (rectangular) end terminal, IPC_7351 nominal, (Body size source: IPC-SM-782 page 76, https://www.pcb-3d.com/wordpress/wp-content/uploads/ipc-sm-782a_amendment_1_and_2.pdf), generated with kicad-footprint-generator")
    (tags capacitor)
    (path /62999575/60D71C04)
    (attr smd)
    (fp_text reference C42 (at 0 -1.43) (layer F.SilkS)
      (effects (font (size 1 1) (thickness 0.15)))
    )
    (fp_text value 100nF (at 0 1.43) (layer F.Fab)
      (effects (font (size 1 1) (thickness 0.15)))
    )
    (fp_line (start 1.48 0.73) (end -1.48 0.73) (layer F.CrtYd) (width 0.05))
    (fp_line (start 1.48 -0.73) (end 1.48 0.73) (layer F.CrtYd) (width 0.05))
    (fp_line (start -1.48 -0.73) (end 1.48 -0.73) (layer F.CrtYd) (width 0.05))
    (fp_line (start -1.48 0.73) (end -1.48 -0.73) (layer F.CrtYd) (width 0.05))
    (fp_line (start -0.14058 0.51) (end 0.14058 0.51) (layer F.SilkS) (width 0.12))
    (fp_line (start -0.14058 -0.51) (end 0.14058 -0.51) (layer F.SilkS) (width 0.12))
    (fp_line (start 0.8 0.4) (end -0.8 0.4) (layer F.Fab) (width 0.1))
    (fp_line (start 0.8 -0.4) (end 0.8 0.4) (layer F.Fab) (width 0.1))
    (fp_line (start -0.8 -0.4) (end 0.8 -0.4) (layer F.Fab) (width 0.1))
    (fp_line (start -0.8 0.4) (end -0.8 -0.4) (layer F.Fab) (width 0.1))
    (fp_text user %R (at 0 0) (layer F.Fab)
      (effects (font (size 0.4 0.4) (thickness 0.06)))
    )
    (pad 1 smd roundrect (at -0.775 0) (size 0.9 0.95) (layers F.Cu F.Paste F.Mask) (roundrect_rratio 0.25)
      (net 5 +3V3))
    (pad 2 smd roundrect (at 0.775 0) (size 0.9 0.95) (layers F.Cu F.Paste F.Mask) (roundrect_rratio 0.25)
      (net 3 GND))
    (model ${KISYS3DMOD}/Capacitor_SMD.3dshapes/C_0603_1608Metric.wrl
      (at (xyz 0 0 0))
      (scale (xyz 1 1 1))
      (rotate (xyz 0 0 0))
    )
  )

  (module Capacitor_smd:C_0603_1608Metric (layer F.Cu) (tedit 5F68FEEE) (tstamp 6299C4DC)
    (at 444.325001 121.955001)
    (descr "Capacitor SMD 0603 (1608 Metric), square (rectangular) end terminal, IPC_7351 nominal, (Body size source: IPC-SM-782 page 76, https://www.pcb-3d.com/wordpress/wp-content/uploads/ipc-sm-782a_amendment_1_and_2.pdf), generated with kicad-footprint-generator")
    (tags capacitor)
    (path /62999575/60D6926F)
    (attr smd)
    (fp_text reference C43 (at 0 -1.43) (layer F.SilkS)
      (effects (font (size 1 1) (thickness 0.15)))
    )
    (fp_text value 1uF (at 0 1.43) (layer F.Fab)
      (effects (font (size 1 1) (thickness 0.15)))
    )
    (fp_line (start 1.48 0.73) (end -1.48 0.73) (layer F.CrtYd) (width 0.05))
    (fp_line (start 1.48 -0.73) (end 1.48 0.73) (layer F.CrtYd) (width 0.05))
    (fp_line (start -1.48 -0.73) (end 1.48 -0.73) (layer F.CrtYd) (width 0.05))
    (fp_line (start -1.48 0.73) (end -1.48 -0.73) (layer F.CrtYd) (width 0.05))
    (fp_line (start -0.14058 0.51) (end 0.14058 0.51) (layer F.SilkS) (width 0.12))
    (fp_line (start -0.14058 -0.51) (end 0.14058 -0.51) (layer F.SilkS) (width 0.12))
    (fp_line (start 0.8 0.4) (end -0.8 0.4) (layer F.Fab) (width 0.1))
    (fp_line (start 0.8 -0.4) (end 0.8 0.4) (layer F.Fab) (width 0.1))
    (fp_line (start -0.8 -0.4) (end 0.8 -0.4) (layer F.Fab) (width 0.1))
    (fp_line (start -0.8 0.4) (end -0.8 -0.4) (layer F.Fab) (width 0.1))
    (fp_text user %R (at 0 0) (layer F.Fab)
      (effects (font (size 0.4 0.4) (thickness 0.06)))
    )
    (pad 1 smd roundrect (at -0.775 0) (size 0.9 0.95) (layers F.Cu F.Paste F.Mask) (roundrect_rratio 0.25)
      (net 6 "Net-(C43-Pad1)"))
    (pad 2 smd roundrect (at 0.775 0) (size 0.9 0.95) (layers F.Cu F.Paste F.Mask) (roundrect_rratio 0.25)
      (net 3 GND))
    (model ${KISYS3DMOD}/Capacitor_SMD.3dshapes/C_0603_1608Metric.wrl
      (at (xyz 0 0 0))
      (scale (xyz 1 1 1))
      (rotate (xyz 0 0 0))
    )
  )

  (module Capacitor_smd:C_0603_1608Metric (layer F.Cu) (tedit 5F68FEEE) (tstamp 6299C4ED)
    (at 444.325001 119.445001)
    (descr "Capacitor SMD 0603 (1608 Metric), square (rectangular) end terminal, IPC_7351 nominal, (Body size source: IPC-SM-782 page 76, https://www.pcb-3d.com/wordpress/wp-content/uploads/ipc-sm-782a_amendment_1_and_2.pdf), generated with kicad-footprint-generator")
    (tags capacitor)
    (path /62999575/60D71BF6)
    (attr smd)
    (fp_text reference C44 (at 0 -1.43) (layer F.SilkS)
      (effects (font (size 1 1) (thickness 0.15)))
    )
    (fp_text value 100nF (at 0 1.43) (layer F.Fab)
      (effects (font (size 1 1) (thickness 0.15)))
    )
    (fp_line (start 1.48 0.73) (end -1.48 0.73) (layer F.CrtYd) (width 0.05))
    (fp_line (start 1.48 -0.73) (end 1.48 0.73) (layer F.CrtYd) (width 0.05))
    (fp_line (start -1.48 -0.73) (end 1.48 -0.73) (layer F.CrtYd) (width 0.05))
    (fp_line (start -1.48 0.73) (end -1.48 -0.73) (layer F.CrtYd) (width 0.05))
    (fp_line (start -0.14058 0.51) (end 0.14058 0.51) (layer F.SilkS) (width 0.12))
    (fp_line (start -0.14058 -0.51) (end 0.14058 -0.51) (layer F.SilkS) (width 0.12))
    (fp_line (start 0.8 0.4) (end -0.8 0.4) (layer F.Fab) (width 0.1))
    (fp_line (start 0.8 -0.4) (end 0.8 0.4) (layer F.Fab) (width 0.1))
    (fp_line (start -0.8 -0.4) (end 0.8 -0.4) (layer F.Fab) (width 0.1))
    (fp_line (start -0.8 0.4) (end -0.8 -0.4) (layer F.Fab) (width 0.1))
    (fp_text user %R (at 0 0) (layer F.Fab)
      (effects (font (size 0.4 0.4) (thickness 0.06)))
    )
    (pad 1 smd roundrect (at -0.775 0) (size 0.9 0.95) (layers F.Cu F.Paste F.Mask) (roundrect_rratio 0.25)
      (net 5 +3V3))
    (pad 2 smd roundrect (at 0.775 0) (size 0.9 0.95) (layers F.Cu F.Paste F.Mask) (roundrect_rratio 0.25)
      (net 3 GND))
    (model ${KISYS3DMOD}/Capacitor_SMD.3dshapes/C_0603_1608Metric.wrl
      (at (xyz 0 0 0))
      (scale (xyz 1 1 1))
      (rotate (xyz 0 0 0))
    )
  )

  (module Capacitor_smd:C_0603_1608Metric (layer F.Cu) (tedit 5F68FEEE) (tstamp 6299C4FE)
    (at 443.845001 116.935001)
    (descr "Capacitor SMD 0603 (1608 Metric), square (rectangular) end terminal, IPC_7351 nominal, (Body size source: IPC-SM-782 page 76, https://www.pcb-3d.com/wordpress/wp-content/uploads/ipc-sm-782a_amendment_1_and_2.pdf), generated with kicad-footprint-generator")
    (tags capacitor)
    (path /62999575/60D71BE8)
    (attr smd)
    (fp_text reference C45 (at 0 -1.43) (layer F.SilkS)
      (effects (font (size 1 1) (thickness 0.15)))
    )
    (fp_text value 100nF (at 0 1.43) (layer F.Fab)
      (effects (font (size 1 1) (thickness 0.15)))
    )
    (fp_text user %R (at 0 0) (layer F.Fab)
      (effects (font (size 0.4 0.4) (thickness 0.06)))
    )
    (fp_line (start -0.8 0.4) (end -0.8 -0.4) (layer F.Fab) (width 0.1))
    (fp_line (start -0.8 -0.4) (end 0.8 -0.4) (layer F.Fab) (width 0.1))
    (fp_line (start 0.8 -0.4) (end 0.8 0.4) (layer F.Fab) (width 0.1))
    (fp_line (start 0.8 0.4) (end -0.8 0.4) (layer F.Fab) (width 0.1))
    (fp_line (start -0.14058 -0.51) (end 0.14058 -0.51) (layer F.SilkS) (width 0.12))
    (fp_line (start -0.14058 0.51) (end 0.14058 0.51) (layer F.SilkS) (width 0.12))
    (fp_line (start -1.48 0.73) (end -1.48 -0.73) (layer F.CrtYd) (width 0.05))
    (fp_line (start -1.48 -0.73) (end 1.48 -0.73) (layer F.CrtYd) (width 0.05))
    (fp_line (start 1.48 -0.73) (end 1.48 0.73) (layer F.CrtYd) (width 0.05))
    (fp_line (start 1.48 0.73) (end -1.48 0.73) (layer F.CrtYd) (width 0.05))
    (pad 2 smd roundrect (at 0.775 0) (size 0.9 0.95) (layers F.Cu F.Paste F.Mask) (roundrect_rratio 0.25)
      (net 3 GND))
    (pad 1 smd roundrect (at -0.775 0) (size 0.9 0.95) (layers F.Cu F.Paste F.Mask) (roundrect_rratio 0.25)
      (net 5 +3V3))
    (model ${KISYS3DMOD}/Capacitor_SMD.3dshapes/C_0603_1608Metric.wrl
      (at (xyz 0 0 0))
      (scale (xyz 1 1 1))
      (rotate (xyz 0 0 0))
    )
  )

  (module Capacitor_smd:C_0603_1608Metric (layer F.Cu) (tedit 5F68FEEE) (tstamp 6299C50F)
    (at 447.895001 114.345001)
    (descr "Capacitor SMD 0603 (1608 Metric), square (rectangular) end terminal, IPC_7351 nominal, (Body size source: IPC-SM-782 page 76, https://www.pcb-3d.com/wordpress/wp-content/uploads/ipc-sm-782a_amendment_1_and_2.pdf), generated with kicad-footprint-generator")
    (tags capacitor)
    (path /62999575/60D71C70)
    (attr smd)
    (fp_text reference C46 (at 0 -1.43) (layer F.SilkS)
      (effects (font (size 1 1) (thickness 0.15)))
    )
    (fp_text value 1uF (at 0 1.43) (layer F.Fab)
      (effects (font (size 1 1) (thickness 0.15)))
    )
    (fp_text user %R (at 0 0) (layer F.Fab)
      (effects (font (size 0.4 0.4) (thickness 0.06)))
    )
    (fp_line (start -0.8 0.4) (end -0.8 -0.4) (layer F.Fab) (width 0.1))
    (fp_line (start -0.8 -0.4) (end 0.8 -0.4) (layer F.Fab) (width 0.1))
    (fp_line (start 0.8 -0.4) (end 0.8 0.4) (layer F.Fab) (width 0.1))
    (fp_line (start 0.8 0.4) (end -0.8 0.4) (layer F.Fab) (width 0.1))
    (fp_line (start -0.14058 -0.51) (end 0.14058 -0.51) (layer F.SilkS) (width 0.12))
    (fp_line (start -0.14058 0.51) (end 0.14058 0.51) (layer F.SilkS) (width 0.12))
    (fp_line (start -1.48 0.73) (end -1.48 -0.73) (layer F.CrtYd) (width 0.05))
    (fp_line (start -1.48 -0.73) (end 1.48 -0.73) (layer F.CrtYd) (width 0.05))
    (fp_line (start 1.48 -0.73) (end 1.48 0.73) (layer F.CrtYd) (width 0.05))
    (fp_line (start 1.48 0.73) (end -1.48 0.73) (layer F.CrtYd) (width 0.05))
    (pad 2 smd roundrect (at 0.775 0) (size 0.9 0.95) (layers F.Cu F.Paste F.Mask) (roundrect_rratio 0.25)
      (net 3 GND))
    (pad 1 smd roundrect (at -0.775 0) (size 0.9 0.95) (layers F.Cu F.Paste F.Mask) (roundrect_rratio 0.25)
      (net 5 +3V3))
    (model ${KISYS3DMOD}/Capacitor_SMD.3dshapes/C_0603_1608Metric.wrl
      (at (xyz 0 0 0))
      (scale (xyz 1 1 1))
      (rotate (xyz 0 0 0))
    )
  )

  (module custom_footprint_library:SOD323_HS (layer F.Cu) (tedit 61173CD1) (tstamp 6299C526)
    (at 427.446321 107.249801)
    (path /62999965/62A144CC)
    (fp_text reference D1 (at 1.24714 -1.75768) (layer F.SilkS)
      (effects (font (size 1 1) (thickness 0.15)))
    )
    (fp_text value D (at 1.29286 -3.2893) (layer F.Fab)
      (effects (font (size 1 1) (thickness 0.15)))
    )
    (fp_line (start 0.95476 0.00762) (end 0.75476 0.00762) (layer F.Fab) (width 0.1))
    (fp_line (start 1.45476 0.35762) (end 0.95476 0.00762) (layer F.Fab) (width 0.1))
    (fp_line (start -0.73132 -0.93476) (end 3.08864 -0.93476) (layer F.CrtYd) (width 0.05))
    (fp_line (start 2.15476 -0.69238) (end 2.15476 0.70762) (layer F.Fab) (width 0.1))
    (fp_line (start -0.73132 -0.93476) (end -0.73132 0.96524) (layer F.CrtYd) (width 0.05))
    (fp_line (start 0.35476 -0.69238) (end 2.15476 -0.69238) (layer F.Fab) (width 0.1))
    (fp_line (start 0.95476 -0.34238) (end 0.95476 0.35762) (layer F.Fab) (width 0.1))
    (fp_line (start -0.63132 0.86524) (end 1.91868 0.86524) (layer F.SilkS) (width 0.12))
    (fp_line (start 3.08864 -0.9348) (end 3.08864 0.9652) (layer F.CrtYd) (width 0.05))
    (fp_line (start 1.45476 -0.34238) (end 1.45476 0.35762) (layer F.Fab) (width 0.1))
    (fp_line (start -0.63132 -0.83476) (end 1.91868 -0.83476) (layer F.SilkS) (width 0.12))
    (fp_line (start 2.15476 0.70762) (end 0.35476 0.70762) (layer F.Fab) (width 0.1))
    (fp_line (start 0.35476 0.70762) (end 0.35476 -0.69238) (layer F.Fab) (width 0.1))
    (fp_line (start 0.95476 0.00762) (end 1.45476 -0.34238) (layer F.Fab) (width 0.1))
    (fp_line (start -0.73132 0.96524) (end 3.08864 0.96524) (layer F.CrtYd) (width 0.05))
    (fp_line (start 1.45476 0.00762) (end 1.70476 0.00762) (layer F.Fab) (width 0.1))
    (fp_line (start -0.63132 -0.83476) (end -0.63132 0.86524) (layer F.SilkS) (width 0.12))
    (pad 1 smd rect (at 0 0) (size 1 1) (layers F.Cu F.Paste F.Mask)
      (net 7 "/Switch Matrix/COL[0]"))
    (pad 2 smd rect (at 2.4 0) (size 1 1) (layers F.Cu F.Paste F.Mask)
      (net 8 "Net-(D1-Pad2)"))
  )

  (module custom_footprint_library:SOD323_HS (layer F.Cu) (tedit 61173CD1) (tstamp 6299C53D)
    (at 422.586321 104.299801)
    (path /62999965/62A1F14E)
    (fp_text reference D2 (at 1.24714 -1.75768) (layer F.SilkS)
      (effects (font (size 1 1) (thickness 0.15)))
    )
    (fp_text value D (at 1.29286 -3.2893) (layer F.Fab)
      (effects (font (size 1 1) (thickness 0.15)))
    )
    (fp_line (start 0.95476 0.00762) (end 0.75476 0.00762) (layer F.Fab) (width 0.1))
    (fp_line (start 1.45476 0.35762) (end 0.95476 0.00762) (layer F.Fab) (width 0.1))
    (fp_line (start -0.73132 -0.93476) (end 3.08864 -0.93476) (layer F.CrtYd) (width 0.05))
    (fp_line (start 2.15476 -0.69238) (end 2.15476 0.70762) (layer F.Fab) (width 0.1))
    (fp_line (start -0.73132 -0.93476) (end -0.73132 0.96524) (layer F.CrtYd) (width 0.05))
    (fp_line (start 0.35476 -0.69238) (end 2.15476 -0.69238) (layer F.Fab) (width 0.1))
    (fp_line (start 0.95476 -0.34238) (end 0.95476 0.35762) (layer F.Fab) (width 0.1))
    (fp_line (start -0.63132 0.86524) (end 1.91868 0.86524) (layer F.SilkS) (width 0.12))
    (fp_line (start 3.08864 -0.9348) (end 3.08864 0.9652) (layer F.CrtYd) (width 0.05))
    (fp_line (start 1.45476 -0.34238) (end 1.45476 0.35762) (layer F.Fab) (width 0.1))
    (fp_line (start -0.63132 -0.83476) (end 1.91868 -0.83476) (layer F.SilkS) (width 0.12))
    (fp_line (start 2.15476 0.70762) (end 0.35476 0.70762) (layer F.Fab) (width 0.1))
    (fp_line (start 0.35476 0.70762) (end 0.35476 -0.69238) (layer F.Fab) (width 0.1))
    (fp_line (start 0.95476 0.00762) (end 1.45476 -0.34238) (layer F.Fab) (width 0.1))
    (fp_line (start -0.73132 0.96524) (end 3.08864 0.96524) (layer F.CrtYd) (width 0.05))
    (fp_line (start 1.45476 0.00762) (end 1.70476 0.00762) (layer F.Fab) (width 0.1))
    (fp_line (start -0.63132 -0.83476) (end -0.63132 0.86524) (layer F.SilkS) (width 0.12))
    (pad 1 smd rect (at 0 0) (size 1 1) (layers F.Cu F.Paste F.Mask)
      (net 7 "/Switch Matrix/COL[0]"))
    (pad 2 smd rect (at 2.4 0) (size 1 1) (layers F.Cu F.Paste F.Mask)
      (net 9 "Net-(D2-Pad2)"))
  )

  (module custom_footprint_library:SOD323_HS (layer F.Cu) (tedit 61173CD1) (tstamp 6299C554)
    (at 476.046321 101.349801)
    (path /62999965/62A592CF)
    (fp_text reference D3 (at 1.24714 -1.75768) (layer F.SilkS)
      (effects (font (size 1 1) (thickness 0.15)))
    )
    (fp_text value D (at 1.29286 -3.2893) (layer F.Fab)
      (effects (font (size 1 1) (thickness 0.15)))
    )
    (fp_line (start -0.63132 -0.83476) (end -0.63132 0.86524) (layer F.SilkS) (width 0.12))
    (fp_line (start 1.45476 0.00762) (end 1.70476 0.00762) (layer F.Fab) (width 0.1))
    (fp_line (start -0.73132 0.96524) (end 3.08864 0.96524) (layer F.CrtYd) (width 0.05))
    (fp_line (start 0.95476 0.00762) (end 1.45476 -0.34238) (layer F.Fab) (width 0.1))
    (fp_line (start 0.35476 0.70762) (end 0.35476 -0.69238) (layer F.Fab) (width 0.1))
    (fp_line (start 2.15476 0.70762) (end 0.35476 0.70762) (layer F.Fab) (width 0.1))
    (fp_line (start -0.63132 -0.83476) (end 1.91868 -0.83476) (layer F.SilkS) (width 0.12))
    (fp_line (start 1.45476 -0.34238) (end 1.45476 0.35762) (layer F.Fab) (width 0.1))
    (fp_line (start 3.08864 -0.9348) (end 3.08864 0.9652) (layer F.CrtYd) (width 0.05))
    (fp_line (start -0.63132 0.86524) (end 1.91868 0.86524) (layer F.SilkS) (width 0.12))
    (fp_line (start 0.95476 -0.34238) (end 0.95476 0.35762) (layer F.Fab) (width 0.1))
    (fp_line (start 0.35476 -0.69238) (end 2.15476 -0.69238) (layer F.Fab) (width 0.1))
    (fp_line (start -0.73132 -0.93476) (end -0.73132 0.96524) (layer F.CrtYd) (width 0.05))
    (fp_line (start 2.15476 -0.69238) (end 2.15476 0.70762) (layer F.Fab) (width 0.1))
    (fp_line (start -0.73132 -0.93476) (end 3.08864 -0.93476) (layer F.CrtYd) (width 0.05))
    (fp_line (start 1.45476 0.35762) (end 0.95476 0.00762) (layer F.Fab) (width 0.1))
    (fp_line (start 0.95476 0.00762) (end 0.75476 0.00762) (layer F.Fab) (width 0.1))
    (pad 2 smd rect (at 2.4 0) (size 1 1) (layers F.Cu F.Paste F.Mask)
      (net 10 "Net-(D3-Pad2)"))
    (pad 1 smd rect (at 0 0) (size 1 1) (layers F.Cu F.Paste F.Mask)
      (net 7 "/Switch Matrix/COL[0]"))
  )

  (module custom_footprint_library:SOD323_HS (layer F.Cu) (tedit 61173CD1) (tstamp 6299C56B)
    (at 461.466321 101.349801)
    (path /62999965/62A70F9B)
    (fp_text reference D4 (at 1.24714 -1.75768) (layer F.SilkS)
      (effects (font (size 1 1) (thickness 0.15)))
    )
    (fp_text value D (at 1.29286 -3.2893) (layer F.Fab)
      (effects (font (size 1 1) (thickness 0.15)))
    )
    (fp_line (start -0.63132 -0.83476) (end -0.63132 0.86524) (layer F.SilkS) (width 0.12))
    (fp_line (start 1.45476 0.00762) (end 1.70476 0.00762) (layer F.Fab) (width 0.1))
    (fp_line (start -0.73132 0.96524) (end 3.08864 0.96524) (layer F.CrtYd) (width 0.05))
    (fp_line (start 0.95476 0.00762) (end 1.45476 -0.34238) (layer F.Fab) (width 0.1))
    (fp_line (start 0.35476 0.70762) (end 0.35476 -0.69238) (layer F.Fab) (width 0.1))
    (fp_line (start 2.15476 0.70762) (end 0.35476 0.70762) (layer F.Fab) (width 0.1))
    (fp_line (start -0.63132 -0.83476) (end 1.91868 -0.83476) (layer F.SilkS) (width 0.12))
    (fp_line (start 1.45476 -0.34238) (end 1.45476 0.35762) (layer F.Fab) (width 0.1))
    (fp_line (start 3.08864 -0.9348) (end 3.08864 0.9652) (layer F.CrtYd) (width 0.05))
    (fp_line (start -0.63132 0.86524) (end 1.91868 0.86524) (layer F.SilkS) (width 0.12))
    (fp_line (start 0.95476 -0.34238) (end 0.95476 0.35762) (layer F.Fab) (width 0.1))
    (fp_line (start 0.35476 -0.69238) (end 2.15476 -0.69238) (layer F.Fab) (width 0.1))
    (fp_line (start -0.73132 -0.93476) (end -0.73132 0.96524) (layer F.CrtYd) (width 0.05))
    (fp_line (start 2.15476 -0.69238) (end 2.15476 0.70762) (layer F.Fab) (width 0.1))
    (fp_line (start -0.73132 -0.93476) (end 3.08864 -0.93476) (layer F.CrtYd) (width 0.05))
    (fp_line (start 1.45476 0.35762) (end 0.95476 0.00762) (layer F.Fab) (width 0.1))
    (fp_line (start 0.95476 0.00762) (end 0.75476 0.00762) (layer F.Fab) (width 0.1))
    (pad 2 smd rect (at 2.4 0) (size 1 1) (layers F.Cu F.Paste F.Mask)
      (net 11 "Net-(D4-Pad2)"))
    (pad 1 smd rect (at 0 0) (size 1 1) (layers F.Cu F.Paste F.Mask)
      (net 7 "/Switch Matrix/COL[0]"))
  )

  (module custom_footprint_library:SOD323_HS (layer F.Cu) (tedit 61173CD1) (tstamp 6299C582)
    (at 432.306321 104.299801)
    (path /62999965/62ABBF7E)
    (fp_text reference D5 (at 1.24714 -1.75768) (layer F.SilkS)
      (effects (font (size 1 1) (thickness 0.15)))
    )
    (fp_text value D (at 1.29286 -3.2893) (layer F.Fab)
      (effects (font (size 1 1) (thickness 0.15)))
    )
    (fp_line (start -0.63132 -0.83476) (end -0.63132 0.86524) (layer F.SilkS) (width 0.12))
    (fp_line (start 1.45476 0.00762) (end 1.70476 0.00762) (layer F.Fab) (width 0.1))
    (fp_line (start -0.73132 0.96524) (end 3.08864 0.96524) (layer F.CrtYd) (width 0.05))
    (fp_line (start 0.95476 0.00762) (end 1.45476 -0.34238) (layer F.Fab) (width 0.1))
    (fp_line (start 0.35476 0.70762) (end 0.35476 -0.69238) (layer F.Fab) (width 0.1))
    (fp_line (start 2.15476 0.70762) (end 0.35476 0.70762) (layer F.Fab) (width 0.1))
    (fp_line (start -0.63132 -0.83476) (end 1.91868 -0.83476) (layer F.SilkS) (width 0.12))
    (fp_line (start 1.45476 -0.34238) (end 1.45476 0.35762) (layer F.Fab) (width 0.1))
    (fp_line (start 3.08864 -0.9348) (end 3.08864 0.9652) (layer F.CrtYd) (width 0.05))
    (fp_line (start -0.63132 0.86524) (end 1.91868 0.86524) (layer F.SilkS) (width 0.12))
    (fp_line (start 0.95476 -0.34238) (end 0.95476 0.35762) (layer F.Fab) (width 0.1))
    (fp_line (start 0.35476 -0.69238) (end 2.15476 -0.69238) (layer F.Fab) (width 0.1))
    (fp_line (start -0.73132 -0.93476) (end -0.73132 0.96524) (layer F.CrtYd) (width 0.05))
    (fp_line (start 2.15476 -0.69238) (end 2.15476 0.70762) (layer F.Fab) (width 0.1))
    (fp_line (start -0.73132 -0.93476) (end 3.08864 -0.93476) (layer F.CrtYd) (width 0.05))
    (fp_line (start 1.45476 0.35762) (end 0.95476 0.00762) (layer F.Fab) (width 0.1))
    (fp_line (start 0.95476 0.00762) (end 0.75476 0.00762) (layer F.Fab) (width 0.1))
    (pad 2 smd rect (at 2.4 0) (size 1 1) (layers F.Cu F.Paste F.Mask)
      (net 12 "Net-(D5-Pad2)"))
    (pad 1 smd rect (at 0 0) (size 1 1) (layers F.Cu F.Paste F.Mask)
      (net 7 "/Switch Matrix/COL[0]"))
  )

  (module custom_footprint_library:SOD323_HS (layer F.Cu) (tedit 61173CD1) (tstamp 6299C599)
    (at 451.746321 104.299801)
    (path /62999965/62A1444A)
    (fp_text reference D6 (at 1.24714 -1.75768) (layer F.SilkS)
      (effects (font (size 1 1) (thickness 0.15)))
    )
    (fp_text value D (at 1.29286 -3.2893) (layer F.Fab)
      (effects (font (size 1 1) (thickness 0.15)))
    )
    (fp_line (start 0.95476 0.00762) (end 0.75476 0.00762) (layer F.Fab) (width 0.1))
    (fp_line (start 1.45476 0.35762) (end 0.95476 0.00762) (layer F.Fab) (width 0.1))
    (fp_line (start -0.73132 -0.93476) (end 3.08864 -0.93476) (layer F.CrtYd) (width 0.05))
    (fp_line (start 2.15476 -0.69238) (end 2.15476 0.70762) (layer F.Fab) (width 0.1))
    (fp_line (start -0.73132 -0.93476) (end -0.73132 0.96524) (layer F.CrtYd) (width 0.05))
    (fp_line (start 0.35476 -0.69238) (end 2.15476 -0.69238) (layer F.Fab) (width 0.1))
    (fp_line (start 0.95476 -0.34238) (end 0.95476 0.35762) (layer F.Fab) (width 0.1))
    (fp_line (start -0.63132 0.86524) (end 1.91868 0.86524) (layer F.SilkS) (width 0.12))
    (fp_line (start 3.08864 -0.9348) (end 3.08864 0.9652) (layer F.CrtYd) (width 0.05))
    (fp_line (start 1.45476 -0.34238) (end 1.45476 0.35762) (layer F.Fab) (width 0.1))
    (fp_line (start -0.63132 -0.83476) (end 1.91868 -0.83476) (layer F.SilkS) (width 0.12))
    (fp_line (start 2.15476 0.70762) (end 0.35476 0.70762) (layer F.Fab) (width 0.1))
    (fp_line (start 0.35476 0.70762) (end 0.35476 -0.69238) (layer F.Fab) (width 0.1))
    (fp_line (start 0.95476 0.00762) (end 1.45476 -0.34238) (layer F.Fab) (width 0.1))
    (fp_line (start -0.73132 0.96524) (end 3.08864 0.96524) (layer F.CrtYd) (width 0.05))
    (fp_line (start 1.45476 0.00762) (end 1.70476 0.00762) (layer F.Fab) (width 0.1))
    (fp_line (start -0.63132 -0.83476) (end -0.63132 0.86524) (layer F.SilkS) (width 0.12))
    (pad 1 smd rect (at 0 0) (size 1 1) (layers F.Cu F.Paste F.Mask)
      (net 13 "/Switch Matrix/COL[1]"))
    (pad 2 smd rect (at 2.4 0) (size 1 1) (layers F.Cu F.Paste F.Mask)
      (net 14 "Net-(D6-Pad2)"))
  )

  (module custom_footprint_library:SOD323_HS (layer F.Cu) (tedit 61173CD1) (tstamp 6299C5B0)
    (at 456.606321 104.299801)
    (path /62999965/62A1F0CC)
    (fp_text reference D7 (at 1.24714 -1.75768) (layer F.SilkS)
      (effects (font (size 1 1) (thickness 0.15)))
    )
    (fp_text value D (at 1.29286 -3.2893) (layer F.Fab)
      (effects (font (size 1 1) (thickness 0.15)))
    )
    (fp_line (start 0.95476 0.00762) (end 0.75476 0.00762) (layer F.Fab) (width 0.1))
    (fp_line (start 1.45476 0.35762) (end 0.95476 0.00762) (layer F.Fab) (width 0.1))
    (fp_line (start -0.73132 -0.93476) (end 3.08864 -0.93476) (layer F.CrtYd) (width 0.05))
    (fp_line (start 2.15476 -0.69238) (end 2.15476 0.70762) (layer F.Fab) (width 0.1))
    (fp_line (start -0.73132 -0.93476) (end -0.73132 0.96524) (layer F.CrtYd) (width 0.05))
    (fp_line (start 0.35476 -0.69238) (end 2.15476 -0.69238) (layer F.Fab) (width 0.1))
    (fp_line (start 0.95476 -0.34238) (end 0.95476 0.35762) (layer F.Fab) (width 0.1))
    (fp_line (start -0.63132 0.86524) (end 1.91868 0.86524) (layer F.SilkS) (width 0.12))
    (fp_line (start 3.08864 -0.9348) (end 3.08864 0.9652) (layer F.CrtYd) (width 0.05))
    (fp_line (start 1.45476 -0.34238) (end 1.45476 0.35762) (layer F.Fab) (width 0.1))
    (fp_line (start -0.63132 -0.83476) (end 1.91868 -0.83476) (layer F.SilkS) (width 0.12))
    (fp_line (start 2.15476 0.70762) (end 0.35476 0.70762) (layer F.Fab) (width 0.1))
    (fp_line (start 0.35476 0.70762) (end 0.35476 -0.69238) (layer F.Fab) (width 0.1))
    (fp_line (start 0.95476 0.00762) (end 1.45476 -0.34238) (layer F.Fab) (width 0.1))
    (fp_line (start -0.73132 0.96524) (end 3.08864 0.96524) (layer F.CrtYd) (width 0.05))
    (fp_line (start 1.45476 0.00762) (end 1.70476 0.00762) (layer F.Fab) (width 0.1))
    (fp_line (start -0.63132 -0.83476) (end -0.63132 0.86524) (layer F.SilkS) (width 0.12))
    (pad 1 smd rect (at 0 0) (size 1 1) (layers F.Cu F.Paste F.Mask)
      (net 13 "/Switch Matrix/COL[1]"))
    (pad 2 smd rect (at 2.4 0) (size 1 1) (layers F.Cu F.Paste F.Mask)
      (net 15 "Net-(D7-Pad2)"))
  )

  (module custom_footprint_library:SOD323_HS (layer F.Cu) (tedit 61173CD1) (tstamp 6299C5C7)
    (at 437.166321 107.249801)
    (path /62999965/62A5926A)
    (fp_text reference D8 (at 1.24714 -1.75768) (layer F.SilkS)
      (effects (font (size 1 1) (thickness 0.15)))
    )
    (fp_text value D (at 1.29286 -3.2893) (layer F.Fab)
      (effects (font (size 1 1) (thickness 0.15)))
    )
    (fp_line (start 0.95476 0.00762) (end 0.75476 0.00762) (layer F.Fab) (width 0.1))
    (fp_line (start 1.45476 0.35762) (end 0.95476 0.00762) (layer F.Fab) (width 0.1))
    (fp_line (start -0.73132 -0.93476) (end 3.08864 -0.93476) (layer F.CrtYd) (width 0.05))
    (fp_line (start 2.15476 -0.69238) (end 2.15476 0.70762) (layer F.Fab) (width 0.1))
    (fp_line (start -0.73132 -0.93476) (end -0.73132 0.96524) (layer F.CrtYd) (width 0.05))
    (fp_line (start 0.35476 -0.69238) (end 2.15476 -0.69238) (layer F.Fab) (width 0.1))
    (fp_line (start 0.95476 -0.34238) (end 0.95476 0.35762) (layer F.Fab) (width 0.1))
    (fp_line (start -0.63132 0.86524) (end 1.91868 0.86524) (layer F.SilkS) (width 0.12))
    (fp_line (start 3.08864 -0.9348) (end 3.08864 0.9652) (layer F.CrtYd) (width 0.05))
